     30 HISTOGRAMS,        30720 HALF-WORDS
 ID-LIST:
       1       2       3       4       5       6       7       8
       9      10      11      12      13      14      15      16
      17      18      19      20      21      22      23      24
      25      26      27      28      29      30
  HID  DIM HWPC  LEN(CH)   COMPR  MIN   MAX   OFFSET    TITLE
    1    1   2      512       4     0   511        0                      
    2    1   2      512       4     0   511     1024                      
    3    1   2      512       4     0   511     2048                      
    4    1   2      512       4     0   511     3072                      
    5    1   2      512       4     0   511     4096                      
    6    1   2      512       4     0   511     5120                      
    7    1   2      512       4     0   511     6144                      
    8    1   2      512       4     0   511     7168                      
    9    1   2      512       4     0   511     8192                      
   10    1   2      512       4     0   511     9216                      
   11    1   2      512       4     0   511    10240                      
   12    1   2      512       4     0   511    11264                      
   13    1   2      512       4     0   511    12288                      
   14    1   2      512       4     0   511    13312                      
   15    1   2      512       4     0   511    14336                      
   16    1   2      512       4     0   511    15360                      
   17    1   2      512       4     0   511    16384                      
   18    1   2      512       4     0   511    17408                      
   19    1   2      512       4     0   511    18432                      
   20    1   2      512       4     0   511    19456                      
   21    1   2      512       4     0   511    20480                      
   22    1   2      512       4     0   511    21504                      
   23    1   2      512       4     0   511    22528                      
   24    1   2      512       4     0   511    23552                      
   25    1   2      512       4     0   511    24576                      
   26    1   2      512       4     0   511    25600                      
   27    1   2      512       4     0   511    26624                      
   28    1   2      512       4     0   511    27648                      
   29    1   2      512       4     0   511    28672                      
   30    1   2      512       4     0   511    29696                      
