     14 HISTOGRAMS,       172288 HALF-WORDS
 ID-LIST:
       1       2       3       4       5       6       7       8
       9      10      11      12      13      14
  HID  DIM HWPC  LEN(CH)   COMPR  MIN   MAX   OFFSET    TITLE
    1    2   2    40000       8     0   199        0                      
                              8     0   199
    2    2   2    40000       8     0   199    80000                      
                              8     0   199
    3    1   2      512       4     0   511   160000                      
    4    1   2      512       4     0   511   161024                      
    5    1   2      512       4     0   511   162048                      
    6    1   2      512       4     0   511   163072                      
    7    1   2      512       4     0   511   164096                      
    8    1   2      512       4     0   511   165120                      
    9    1   2      512       4     0   511   166144                      
   10    1   2      512       4     0   511   167168                      
   11    1   2      512       4     0   511   168192                      
   12    1   2      512       4     0   511   169216                      
   13    1   2      512       4     0   511   170240                      
   14    1   2      512       4     0   511   171264                      
