 1.6500 1.6500 1.6500 1.6500 1.6480 1.6440 1.6380 1.6320 1.6250 1.6180
 1.6110 1.6050 1.5900 1.5690 1.5480 1.5230 1.4920 1.4620 1.4300 1.4020
 1.3790 1.3580 1.3420 1.3270 1.2970 1.2660 1.2390 1.2130 1.1890 1.1700
 1.1540 1.1440 1.1340 1.1270 1.1230 1.1180 1.1140 1.1110 4.0000 9.0122BE
 1.3650 1.3650 1.3650 1.3650 1.3660 1.3690 1.3730 1.3810 1.3900 1.4020
 1.4140 1.4270 1.4670 1.5250 1.5710 1.6020 1.6210 1.6230 1.6070 1.5790
 1.5480 1.5140 1.4830 1.4530 1.3890 1.3270 1.2930 1.2710 1.2560 1.2460
 1.2370 1.2300 1.2250 1.2200 1.2150 1.2100 1.2070 1.2030 6.000012.0000 C
 1.0000 1.0000 1.0000 1.0000 1.0000 1.0000 1.0000 1.0000 1.0000 1.0000
 1.0000 1.0000 1.0000 1.0000 1.0000 1.0000 1.0000 1.0000 1.0000 1.0000
 1.0000 1.0000 1.0000 1.0000 1.0000 1.0000 1.0000 1.0000 1.0000 1.0000
 1.0000 1.0000 1.0000 1.0000 1.0000 1.0000 1.0000 1.000013.000026.9820AL
  .6650  .6650  .6650  .6650  .6650  .6670  .6700  .6740  .6780  .6830
  .6880  .6930  .7040  .7160  .7270  .7390  .7530  .7620  .7730  .7830
  .7900  .7970  .8020  .8090  .8200  .8350  .8470  .8590  .8700  .8790
  .8860  .8920  .8960  .9000  .9030  .9070  .9100  .912022.000047.9480TI
  .5400  .5400  .5400  .5400  .5410  .5440  .5490  .5540  .5600  .5650
  .5700  .5760  .5880  .6020  .6150  .6280  .6430  .6560  .6700  .6820
  .6910  .6990  .7070  .7140  .7300  .7460  .7610  .7770  .7920  .8050
  .8160  .8230  .8280  .8330  .8370  .8400  .8440  .847028.000057.9350NI
  .4900  .4900  .4900  .4900  .4920  .4960  .5000  .5030  .5080  .5120
  .5180  .5220  .5330  .5460  .5570  .5700  .5870  .6000  .6150  .6280
  .6370  .6470  .6560  .6630  .6800  .6970  .7140  .7300  .7450  .7580
  .7700  .7800  .7870  .7920  .7970  .8010  .8050  .809032.000073.9210GE
  .4540  .4540  .4540  .4540  .4540  .4570  .4610  .4650  .4700  .4730
  .4770  .4800  .4900  .5010  .5110  .5220  .5350  .5470  .5600  .5700
  .5770  .5850  .5920  .5990  .6130  .6280  .6400  .6530  .6680  .6830
  .6940  .7040  .7120  .7200  .7250  .7290  .7330  .737040.000089.9050ZR
  .4200  .4200  .4200  .4200  .4200  .4230  .4270  .4310  .4360  .4400
  .4440  .4490  .4590  .4700  .4790  .4890  .5000  .5110  .5220  .5310
  .5380  .5450  .5510  .5570  .5690  .5800  .5930  .6060  .6180  .6300
  .6420  .6510  .6590  .6650  .6710  .6770  .6830  .688047.0000106.91 AG
  .2670  .2670  .2670  .2670  .2670  .2690  .2710  .2760  .2800  .2850
  .2910  .2960  .3075  .3200  .3320  .3450  .3580  .3720  .3860  .3970
  .4060  .4140  .4230  .4300  .4470  .4650  .4800  .4980  .5160  .5330
  .5500  .5580  .5700  .5780  .5850  .5900  .5960  .601063.0000152.92 EU
  .2285  .2285  .2285  .2285  .2290  .2315  .2355  .2400  .2450  .2500
  .2545  .2590  .2690  .2810  .2930  .3050  .3180  .3310  .3440  .3550
  .3630  .3720  .3800  .3870  .4030  .4210  .4380  .4530  .4720  .4880
  .5020  .5150  .5240  .5330  .5400  .5470  .5540  .560073.0000180.95 TA
  .2100  .2100  .2100  .2105  .2110  .2130  .2170  .2215  .2270  .2310
  .2360  .2400  .2515  .2635  .2750  .2860  .2985  .3110  .3235  .3345
  .3430  .3510  .3590  .3660  .3810  .3980  .4140  .4300  .4480  .4650
  .4810  .4930  .5030  .5120  .5190  .5270  .5350  .540079.0000196.97 AU
  .1800  .1800  .1800  .1800  .1810  .1830  .1865  .1905  .1950  .1990
  .2035  .2070  .2175  .2300  .2400  .2500  .2625  .2730  .2850  .2970
  .3040  .3120  .3200  .3270  .3410  .3570  .3730  .3900  .4070  .4230
  .4390  .4530  .4630  .4720  .4800  .4870  .4930  .498092.0000238.05  U
 3.7500 3.6800 3.5800 3.4800 3.4100 3.3500 3.3100 3.3400 3.3900 3.4700
 3.5500 3.6600 3.9700 4.4300 4.9100 5.4200 5.9400 6.2400 6.3800 6.3500
 6.1400 5.8700 5.6000 5.3900 4.9700 4.5200 4.1400 3.7800 3.5000 3.3000
 3.1800 3.1100 3.0700 3.0400 3.0100 2.9900 2.9700 2.9500 1.0000 1.0078 H
 1.6000 1.5520 1.4700 1.3810 1.2940 1.2180 1.1640 1.1430 1.1480 1.1650
 1.1910 1.2280 1.3250 1.4770 1.6300 1.7940 1.9390 2.0600 2.1200 2.1300
 2.1100 2.0600 1.9960 1.9490 1.8610 1.7700 1.6970 1.6250 1.5550 1.4920
 1.4450 1.4140 1.3940 1.3750 1.3680 1.3650 1.3620 1.3590 2.0000 4.0026HE
 1.0600 1.0430 1.0170  .9920  .9590  .9330  .9190  .9270  .9400  .9610
  .9850 1.0180 1.0950 1.2120 1.3350 1.4550 1.5770 1.6360 1.6470 1.6120
 1.5520 1.4890 1.4300 1.3910 1.3250 1.2780 1.2580 1.2410 1.2330 1.2200
 1.2090 1.2020 1.1980 1.1950 1.1910 1.1910 1.1910 1.1910 7.000014.0030 N
  .9960  .9810  .9580  .9350  .9130  .8980  .8940  .8960  .9130  .9340
  .9600  .9860 1.0550 1.1680 1.2820 1.4010 1.5050 1.5550 1.5670 1.5320
 1.4750 1.4200 1.3630 1.3200 1.2650 1.2220 1.1980 1.1810 1.1770 1.1700
 1.1640 1.1560 1.1550 1.1530 1.1500 1.1500 1.1500 1.1500 8.000015.9950 O
  .8850  .8720  .8570  .8460  .8340  .8270  .8320  .8470  .8660  .8890
  .9140  .9380 1.0080 1.1080 1.2120 1.3080 1.3770 1.4080 1.4020 1.3690
 1.3200 1.2690 1.2120 1.1760 1.1240 1.0940 1.0840 1.0900 1.0930 1.1000
 1.0970 1.0950 1.0920 1.0890 1.0880 1.0880 1.0880 1.088010.000019.9920NE
  .5840  .5890  .5950  .6070  .6250  .6460  .6710  .6970  .7220  .7470
  .7710  .7950  .8510  .9230  .9850 1.0340 1.0550 1.0510 1.0310 1.0010
  .9640  .9280  .8940  .8710  .8430  .8350  .8420  .8620  .8850  .9000
  .9090  .9140  .9180  .9190  .9200  .9200  .9200  .920018.000039.9620AR
  .3580  .3650  .3710  .3880  .4060  .4280  .4520  .4740  .4920  .5120
  .5300  .5490  .5860  .6330  .6700  .6990  .7040  .6950  .6800  .6640
  .6450  .6280  .6100  .6000  .5920  .5990  .6150  .6400  .6730  .6900
  .7070  .7140  .7220  .7230  .7250  .7270  .7290  .731036.000083.9120KR
  .2540  .2600  .2700  .2830  .3060  .3280  .3520  .3730  .3910  .4080
  .4240  .4370  .4670  .5040  .5320  .5480  .5490  .5410  .5310  .5180
  .5020  .4900  .4820  .4780  .4780  .4870  .5050  .5330  .5600  .5810
  .5970  .6070  .6160  .6200  .6230  .6250  .6270  .629054.0000131.90 XE
  .1676  .1726  .1806  .2050  .2130  .2330  .2550  .2740  .2890  .3030
  .3140  .3240  .3470  .3740  .3930  .4030  .4010  .3940  .3870  .3790
  .3710  .3640  .3580  .3550  .3610  .3770  .3970  .4240  .4490  .4700
  .4900  .5000  .5090  .5150  .5200  .5230  .5250  .527086.0000210.99 RN
 1.3410 1.3330 1.3220 1.3100 1.3000 1.2950 1.2940 1.3010 1.3140 1.3320
 1.3520 1.3730 1.4340 1.5270 1.6140 1.6940 1.7620 1.7930 1.7930 1.7620
 1.7150 1.6640 1.6150 1.5730 1.4970 1.4250 1.3800 1.3460 1.3230 1.3060
 1.2940 1.2840 1.2790 1.2740 1.2680 1.2640 1.2610 1.2580 4.5450 8.7292M-
 1.3410 1.3330 1.3220 1.3100 1.3000 1.2950 1.2940 1.3010 1.3140 1.3320
 1.3520 1.3730 1.4340 1.5270 1.6140 1.6940 1.7620 1.7930 1.7930 1.7620
 1.7150 1.6640 1.6150 1.5730 1.4970 1.4250 1.3800 1.3460 1.3230 1.3060
 1.2940 1.2840 1.2790 1.2740 1.2680 1.2640 1.2610 1.2580 4.5450 8.7292M-
 1.3410 1.3330 1.3220 1.3100 1.3000 1.2950 1.2940 1.3010 1.3140 1.3320
 1.3520 1.3730 1.4340 1.5270 1.6140 1.6940 1.7620 1.7930 1.7930 1.7620
 1.7150 1.6640 1.6150 1.5730 1.4970 1.4250 1.3800 1.3460 1.3230 1.3060
 1.2940 1.2840 1.2790 1.2740 1.2680 1.2640 1.2610 1.2580 4.5450 8.7292M-
 1.7060 1.6960 1.6810 1.6670 1.6580 1.6520 1.6500 1.6610 1.6760 1.6970
 1.7190 1.7460 1.8250 1.9400 2.0480 2.1470 2.2380 2.2830 2.2890 2.2610
 2.2040 2.1360 2.0710 2.0150 1.9010 1.7830 1.7000 1.6290 1.5770 1.5390
 1.5150 1.4990 1.4890 1.4800 1.4710 1.4640 1.4590 1.4530 2.6670 4.6719P-
 1.7060 1.6960 1.6810 1.6670 1.6580 1.6520 1.6500 1.6610 1.6760 1.6970
 1.7190 1.7460 1.8250 1.9400 2.0480 2.1470 2.2380 2.2830 2.2890 2.2610
 2.2040 2.1360 2.0710 2.0150 1.9010 1.7830 1.7000 1.6290 1.5770 1.5390
 1.5150 1.4990 1.4890 1.4800 1.4710 1.4640 1.4590 1.4530 2.6670 4.6719P-
 1.7060 1.6960 1.6810 1.6670 1.6580 1.6520 1.6500 1.6610 1.6760 1.6970
 1.7190 1.7460 1.8250 1.9400 2.0480 2.1470 2.2380 2.2830 2.2890 2.2610
 2.2040 2.1360 2.0710 2.0150 1.9010 1.7830 1.7000 1.6290 1.5770 1.5390
 1.5150 1.4990 1.4890 1.4800 1.4710 1.4640 1.4590 1.4530 2.6670 4.6719P-
 1.3020 1.2810 1.2490 1.2180 1.1900 1.1700 1.1620 1.1680 1.1880 1.2160
 1.2480 1.2830 1.3790 1.5300 1.6850 1.8480 1.9980 2.0760 2.1020 2.0670
 1.9930 1.9140 1.8340 1.7720 1.6770 1.5880 1.5250 1.4700 1.4350 1.4070
 1.3880 1.3730 1.3680 1.3630 1.3570 1.3540 1.3520 1.3500 3.3330 6.0035W-
 1.3020 1.2810 1.2490 1.2180 1.1900 1.1700 1.1620 1.1680 1.1880 1.2160
 1.2480 1.2830 1.3790 1.5300 1.6850 1.8480 1.9980 2.0760 2.1020 2.0670
 1.9930 1.9140 1.8340 1.7720 1.6770 1.5880 1.5250 1.4700 1.4350 1.4070
 1.3880 1.3730 1.3680 1.3630 1.3570 1.3540 1.3520 1.3500 3.3330 6.0035W-
 1.3020 1.2810 1.2490 1.2180 1.1900 1.1700 1.1620 1.1680 1.1880 1.2160
 1.2480 1.2830 1.3790 1.5300 1.6850 1.8480 1.9980 2.0760 2.1020 2.0670
 1.9930 1.9140 1.8340 1.7720 1.6770 1.5880 1.5250 1.4700 1.4350 1.4070
 1.3880 1.3730 1.3680 1.3630 1.3570 1.3540 1.3520 1.3500 3.3330 6.0035W-
   0.1630842  -0.3535290   0.0206004   1.1226666  -0.2548969 21.0078 H ION   1.A
  -0.0639928   0.5070352  -0.1965635   0.7713559  -0.1477040 21.0078 H ION   1.B
   0.1433955  -0.3568046   0.0139265   1.3178708  -0.3492183 24.0026HE ION   2.A
  -0.0595560   0.4906428  -0.1970748   0.7945414  -0.1557096 24.0026HE ION   2.B
   0.1069425  -0.4542354   0.1359611   1.6142388  -0.5587023 27.0160LI ION   3.A
  -0.0066487   0.2968559  -0.1821453   0.9782337  -0.2113091 27.0160LI ION   3.B
   0.0698101  -0.5829663   0.3203444   1.9352594  -0.8352915 29.0122BE ION   4.A
  -0.0100365   0.3099405  -0.2060122   1.0461531  -0.2344286 29.0122BE ION   4.B
   0.0807079  -0.7274516   0.4211059   2.1501542  -0.9867456 211.009 B ION   5.A
   0.0023590   0.2660785  -0.2191082   1.1368266  -0.2583746 211.009 B ION   5.B
   0.0460597  -0.8077556   0.5884218   2.4738466  -1.3202931 212.000 C ION   6.A
   0.0156360   0.2187754  -0.2245159   1.2012257  -0.2688137 212.000 C ION   6.B
   0.1214151  -0.9004745   0.4563522   2.5695026  -1.2379911 214.003 N ION   7.A
   0.0262517   0.1784666  -0.2312778   1.2844677  -0.2966370 214.003 N ION   7.B
   0.0614553  -1.0934773   0.8125439   3.0573266  -1.8014595 215.995 O ION   8.A
   0.1408028  -0.2333470  -0.2298341   1.7158530  -0.3695708 215.995 O ION   8.B
   0.0430937  -1.3919317   1.1711645   3.6466820  -2.4121216 218.998 F ION   9.A
   0.4312545  -1.2782950  -0.2168849   2.7314070  -0.4660653 218.998 F ION   9.B
   0.0114358  -1.8933240   1.7965450   4.5756582  -3.4295349 219.992NE ION  10.A
   0.4682461  -1.4194390  -0.2356108   3.0176235  -0.5295434 219.992NE ION  10.B
  -0.1532559  -2.4215855   2.9653149   5.6291154  -5.0524969 222.990NA ION  11.A
   0.9165989  -3.0677466  -0.3280051   5.5674057  -1.2787612 222.990NA ION  11.B
  -0.7159330  -3.3317391   6.1052723   7.4689941  -9.0343553 223.985MG ION  12.A
   1.4904795  -5.1746288  -0.5359740   9.1834061  -2.3772511 223.985MG ION  12.B
  -1.5649832  -4.7219703  11.1129341  10.2260624 -15.5161396 226.982AL ION  13.A
   1.8961081  -6.6726046  -0.7891205  12.3757529  -3.5080099 226.982AL ION  13.B
  -3.3898220  -7.4760557  21.9235764  15.6011004 -29.5060890 227.977SI ION  14.A
   2.2318840  -7.9166484  -1.0695289  15.4515911  -4.6992934 227.977SI ION  14.B
  -9.9761286 -16.5669763  60.6493053  33.0977483 -79.3903141 230.974 P ION  15.A
   2.7433658  -9.8060291  -1.4614616  19.9371710  -6.4222392 230.974 P ION  15.B
  62.5160789  77.7898493-362.7835732-146.8757000 464.0765305 131.972 S ION  16.A
   3.8886111 -14.0252053  -2.2257038  29.3070610  -9.9165150 231.972 S ION  16.B
  12.0441742  10.8864979 -67.3128471 -18.9163415  84.3907547 134.969CL ION  17.A
   8.1729769 -29.7910810  -4.8835883  63.1554656 -22.3223333 234.969CL ION  17.B
   8.6141901   5.2838222 -46.6284790  -7.9118454  57.4017096 139.962AR ION  18.A
 -27.2353611 100.4648943  16.5973868-213.6822357  78.5871763 139.962AR ION  18.B
   8.0343889   2.8887726 -42.2928944  -2.8899629  51.1945210 138.964 K ION  19.A
  -4.6019394  17.1981349   2.8022383 -36.3359647  13.8634444 138.964 K ION  19.B
   8.7537646   1.1696407 -44.9455738   1.1159673  53.5534611 139.963CA ION  20.A
  -2.4100051   9.1318225   1.4401116 -19.0022750   7.5034375 139.963CA ION  20.B
  11.1500379  -0.7820872 -55.9690857   6.2168616  65.6988783 144.956SC ION  21.A
  -1.6010259   6.1535347   0.9237606 -12.5225893   5.1078927 144.956SC ION  21.B
  18.5314360  -4.7385544 -91.1105957  17.4335325 105.4374886 147.948TI ION  22.A
  -1.1863826   4.6262001   0.6506106  -9.1497706   3.8488038 147.948TI ION  22.B
 104.8361359 -44.6402340-505.6423340 134.6533604 577.2382278 150.944 V ION  23.A
  -0.9378657   3.7102298   0.4812559  -7.0939152   3.0727327 150.944 V ION  23.B
 -23.9619927  13.9639609 113.5283813 -38.2078328-127.9202719 251.941CR ION  24.A
  -0.7737022   3.1047290   0.3652455  -5.7102319   2.5431862 151.941CR ION  24.B
 -10.1705546   7.4061821  47.3900757 -19.0760417 -52.7316332 254.938MN ION  25.A
  -0.6587891   2.6805790   0.2810790  -4.7238610   2.1605378 154.938MN ION  25.B
  -6.2888917   5.4304810  28.8493042 -13.4044203 -31.7162089 255.935FE ION  26.A
  -0.5743551   2.3686533   0.2169568  -3.9847657   1.8689794 155.935FE ION  26.B
  -4.4862612   4.4412121  20.2794037 -10.6113579 -22.0369291 258.933CO ION  27.A
  -0.5102227   2.1315302   0.1664121  -3.4123184   1.6392448 158.933CO ION  27.B
  -3.4632832   3.8366835  15.4421539  -8.9321958 -16.5950212 257.935NI ION  28.A
  -0.4601997   1.9463934   0.1255685  -2.9569414   1.4528879 157.935NI ION  28.B
  -2.8039709   3.4181316  12.3400574  -7.7845809 -13.1194586 262.930CU ION  29.A
  -0.4202843   1.7985102   0.0917900  -2.5861233   1.2977528 162.930CU ION  29.B
  -2.3527359   3.1124032  10.2297821  -6.9580793 -10.7654545 263.929ZN ION  30.A
  -0.3879661   1.6786594   0.0634901  -2.2802764   1.1670851 163.929ZN ION  30.B
  -2.0257367   2.8771237   8.7096100  -6.3298429  -9.0772424 268.926GA ION  31.A
  -0.3613652   1.5799039   0.0394085  -2.0237369   1.0548301 168.926GA ION  31.B
  -1.7780541   2.6887330   7.5645447  -5.8318811  -7.8111530 273.921GE ION  32.A
  -0.3392070   1.4975473   0.0187120  -1.8061257   0.9571413 173.921GE ION  32.B
  -1.5869038   2.5359410   6.6874847  -5.4336393  -6.8464599 274.922AS ION  33.A
  -0.3205734   1.4282092   0.0008045  -1.6201078   0.8714803 174.922AS ION  33.B
  -1.4345731   2.4084734   5.9931641  -5.1051389  -6.0864428 279.917SE ION  34.A
  -0.3047289   1.3691857  -0.0148763  -1.4593319   0.7953747 179.917SE ION  34.B
  -1.3125836   2.3022000   5.4426727  -4.8363460  -5.4875696 278.918BR ION  35.A
  -0.2911739   1.3186310  -0.0286152  -1.3199381   0.7276020 178.918BR ION  35.B
  -1.2135530   2.2127866   5.0011292  -4.6154218  -5.0105542 283.912KR ION  36.A
  -0.2794964   1.2750355  -0.0407273  -1.1985102   0.6670194 183.912KR ION  36.B
  -1.1314780   2.1362445   4.6397476  -4.4309208  -4.6230225 284.912RB ION  37.A
  -0.2693438   1.2370847  -0.0514626  -1.0917538   0.6121294 184.912RB ION  37.B
  -1.0652126   2.0728968   4.3550186  -4.2862667  -4.3213766 287.906SR ION  38.A
  -0.2604892   1.2039539  -0.0609766  -0.9980832   0.5627320 187.906SR ION  38.B
  -1.0129884   2.0222096   4.1408768  -4.1830014  -4.0997669 288.906 Y ION  39.A
  -0.2527058   1.1748003  -0.0694452  -0.9152983   0.5177846 188.906 Y ION  39.B
  -0.9735326   1.9839453   3.9924393  -4.1224208  -3.9527837 289.905ZR ION  40.A
  -0.2458400   1.1490629  -0.0769868  -0.8422547   0.4771629 189.905ZR ION  40.B
  -0.9497835   1.9625362   3.9298325  -4.1255020  -3.9048263 292.906NB ION  41.A
  -0.2397446   1.1261953  -0.0837111  -0.7775703   0.4403070 192.906NB ION  41.B
  -0.9502627   1.9693162   4.0071335  -4.2432421  -4.0203728 297.905MO ION  42.A
  -0.2343064   1.1057787  -0.0897150  -0.7201721   0.4067768 197.905MO ION  42.B
  -1.0051027   2.0426648   4.4113159  -4.6452453  -4.5216166 297.907TC ION  43.A
  -0.2294365   1.0874810  -0.0950347  -0.6693792   0.3764688 197.907TC ION  43.B
  -1.2097545   2.3048904   5.7386169  -5.8787075  -6.1177080 2101.90RU ION  44.A
  -0.2250461   1.0709861  -0.0998214  -0.6242652   0.3491763 1101.90RU ION  44.B
  32.6658878 -40.4679489-203.3593750 182.4931774 242.0000000 1102.91RH ION  45.A
  -0.2210776   1.0560698  -0.1040581  -0.5843547   0.3246428 1102.91RH ION  45.B
  -0.1306938   0.9445959  -0.8228628  -0.0116987   1.6340093 1105.90PD ION  46.A
  -0.2174620   1.0424830  -0.1078588  -0.5488642   0.3026710 1105.90PD ION  46.B
  -0.3540388   1.2265393   0.6004982  -1.3104298  -0.0710585 1106.91AG ION  47.A
  -0.2141521   1.0300409  -0.1112375  -0.5172112   0.2827769 1106.91AG ION  47.B
  -0.4208501   1.3107156   1.0549393  -1.7355001  -0.6252568 1113.90CD ION  48.A
  -0.2111137   1.0186245  -0.1142315  -0.4892490   0.2652809 1113.90CD ION  48.B
  -0.4406326   1.3346359   1.2142372  -1.8893555  -0.8281025 1114.90IN ION  49.A
  -0.2083042   1.0080719  -0.1169034  -0.4643288   0.2497392 1114.90IN ION  49.B
  -0.4478769   1.3426026   1.2944794  -1.9713824  -0.9365603 1119.90SN ION  50.A
  -0.2056956   0.9982852  -0.1192989  -0.4422368   0.2363072 1119.90SN ION  50.B
  -0.4475024   1.3406112   1.3245506  -2.0057960  -0.9844907 1120.90SB ION  51.A
  -0.2032608   0.9891532  -0.1214136  -0.4225354   0.2244840 1120.90SB ION  51.B
  -0.4441288   1.3346982   1.3342934  -2.0209578  -1.0076788 1129.91TE ION  52.A
  -0.2009811   0.9806128  -0.1232912  -0.4051390   0.2146237 1129.91TE ION  52.B
  -0.4382626   1.3253693   1.3262215  -2.0181113  -1.0090429 1126.90 I ION  53.A
  -0.1988306   0.9725577  -0.1249423  -0.3894695   0.2058879 1126.90 I ION  53.B
  -0.4309926   1.3140396   1.3073730  -2.0038529  -0.9970543 1131.90XE ION  54.A
  -0.1967968   0.9649535  -0.1264248  -0.3756057   0.1990219 1131.90XE ION  54.B
  -0.4234898   1.3023415   1.2857056  -1.9863900  -0.9812695 1132.91CS ION  55.A
  -0.1948683   0.9577425  -0.1276806  -0.3632418   0.1932257 1132.91CS ION  55.B
  -0.4159056   1.2904727   1.2621880  -1.9665795  -0.9628396 1137.90BA ION  56.A
  -0.1930254   0.9508657  -0.1288454  -0.3521030   0.1889189 1137.90BA ION  56.B
  -0.4081478   1.2782733   1.2360878  -1.9434258  -0.9409207 1138.91LA ION  57.A
  -0.1912645   0.9442947  -0.1298255  -0.3421337   0.1856460 1138.91LA ION  57.B
  -0.4003464   1.2659218   1.2083206  -1.9178240  -0.9166250 1139.91CE ION  58.A
  -0.1895716   0.9379880  -0.1307188  -0.3330776   0.1834777 1139.91CE ION  58.B
  -0.3926581   1.2536498   1.1801643  -1.8912309  -0.8915632 1140.91PR ION  59.A
  -0.1879446   0.9319243  -0.1314351  -0.3249371   0.1820824 1140.91PR ION  59.B
  -0.3851359   1.2415390   1.1519470  -1.8639693  -0.8661122 1141.91ND ION  60.A
  -0.1863743   0.9260783  -0.1320566  -0.3175543   0.1816894 1141.91ND ION  60.B
  -0.3776802   1.2294309   1.1231346  -1.8354376  -0.8397275 1144.91PM ION  61.A
  -0.1848531   0.9204216  -0.1326189  -0.3107738   0.1823338 1144.91PM ION  61.B
  -0.3707696   1.2180935   1.0971260  -1.8096958  -0.8163537 1151.92SM ION  62.A
  -0.1833807   0.9149445  -0.1330358  -0.3046190   0.1835719 1151.92SM ION  62.B
  -0.3638228   1.2066033   1.0701294  -1.7823149  -0.7917033 1152.92EU ION  63.A
  -0.1819515   0.9096290  -0.1333624  -0.2989191   0.1853781 1152.92EU ION  63.B
  -0.3569857   1.1951928   1.0429459  -1.7541642  -0.7666573 1157.92GD ION  64.A
  -0.1805574   0.9044522  -0.1336826  -0.2935189   0.1880663 1157.92GD ION  64.B
  -0.3503655   1.1840395   1.0167122  -1.7267601  -0.7426290 1158.93TB ION  65.A
  -0.1792039   0.8994205  -0.1338533  -0.2885987   0.1912026 1158.93TB ION  65.B
  -0.3434281   1.1722570   0.9873962  -1.6949927  -0.7149532 1163.93DY ION  66.A
  -0.1778817   0.8945093  -0.1340033  -0.2839008   0.1950887 1163.93DY ION  66.B
  -0.3366789   1.1606804   0.9589119  -1.6638251  -0.6882255 1164.93HO ION  67.A
  -0.1765948   0.8897222  -0.1340050  -0.2795241   0.1990513 1164.93HO ION  67.B
  -0.3305001   1.1499686   0.9342422  -1.6371702  -0.6658835 1165.93ER ION  68.A
  -0.1753367   0.8850446  -0.1339762  -0.2753179   0.2035860 1165.93ER ION  68.B
  -0.3233165   1.1374305   0.9019051  -1.6003319  -0.6349091 1168.93TM ION  69.A
  -0.1741049   0.8804675  -0.1339445  -0.2711876   0.2087546 1168.93TM ION  69.B
  -0.3155574   1.1237664   0.8653717  -1.5577202  -0.5994067 1173.94YB ION  70.A
  -0.1729028   0.8759952  -0.1337927  -0.2672581   0.2139450 1173.94YB ION  70.B
  -0.3085773   1.1113206   0.8342590  -1.5217297  -0.5701511 1174.94LU ION  71.A
  -0.1717255   0.8716160  -0.1336316  -0.2633763   0.2197343 1174.94LU ION  71.B
  -0.2994564   1.0949674   0.7887001  -1.4668932  -0.5253564 1179.95HF ION  72.A
  -0.1705733   0.8673288  -0.1334101  -0.2595899   0.2258028 1179.95HF ION  72.B
  -0.2889847   1.0760210   0.7345619  -1.4006876  -0.4717692 1180.95TA ION  73.A
  -0.1694457   0.8631306  -0.1331600  -0.2558061   0.2321794 1180.95TA ION  73.B
  -0.2766043   1.0534191   0.6683006  -1.3184060  -0.4057202 1183.95 W ION  74.A
  -0.1683418   0.8590195  -0.1328663  -0.2520582   0.2388367 1183.95 W ION  74.B
  -0.2558559   1.0153885   0.5492325  -1.1678055  -0.2846650 1186.96RE ION  75.A
  -0.1672599   0.8549905  -0.1325686  -0.2482449   0.2457804 1186.96RE ION  75.B
  -0.2260745   0.9603648   0.3744984  -0.9447060  -0.1066860 1191.96OS ION  76.A
  -0.1662020   0.8510459  -0.1322104  -0.2444587   0.2529262 1191.96OS ION  76.B
  -0.1484548   0.8166421  -0.0987301  -0.3348478   0.3801956 1192.96IR ION  77.A
  -0.1651619   0.8471733  -0.1319560  -0.2403932   0.2606505 1192.96IR ION  77.B
   0.3527195  -0.1135945  -3.2072220   3.6903309   3.5890603 1194.96PT ION  78.A
  -0.1641464   0.8433866  -0.1316155  -0.2363731   0.2682307 1194.96PT ION  78.B
  -0.6452937   1.7395894   3.0059738  -4.3614503  -2.8288256 2196.97AU ION  79.A
  -0.1631498   0.8396712  -0.1313287  -0.2321407   0.2763586 1196.97AU ION  79.B
  -0.4232196   1.3271011   1.6391602  -2.5946662  -1.4218869 2201.97HG ION  80.A
  -0.1621785   0.8360423  -0.1309330  -0.2279877   0.2842805 1201.97HG ION  80.B
  -0.3817497   1.2504729   1.3882065  -2.2718022  -1.1636255 2204.97TL ION  81.A
  -0.1612234   0.8324802  -0.1306926  -0.2234283   0.2928748 1204.97TL ION  81.B
  -0.3522496   1.1956016   1.2159729  -2.0517492  -0.9890707 2207.98PB ION  82.A
  -0.1602853   0.8289850  -0.1306212  -0.2184031   0.3022205 1207.98PB ION  82.B
  -0.3377389   1.1687514   1.1345520  -1.9487960  -0.9070498 2208.98BI ION  83.A
  -0.1593722   0.8255750  -0.1303938  -0.2135219   0.3109577 1208.98BI ION  83.B
  -0.3281549   1.1510796   1.0831795  -1.8846380  -0.8558090 2209.98PO ION  84.A
  -0.1584755   0.8222311  -0.1304030  -0.2080453   0.3206531 1209.98PO ION  84.B
  -0.3186598   1.1333734   1.0333633  -1.8225050  -0.8068219 2210.99AT ION  85.A
  -0.1575984   0.8189589  -0.1304863  -0.2022544   0.3305921 1210.99AT ION  85.B
  -0.3126961   1.1223739   1.0042725  -1.7870863  -0.7785892 2210.99RN ION  86.A
  -0.1567415   0.8157615  -0.1306234  -0.1962122   0.3406636 1210.99RN ION  86.B
  -0.3061034   1.1100191   0.9722633  -1.7479835  -0.7479779 2221.01FR ION  87.A
  -0.1559042   0.8126368  -0.1309297  -0.1896561   0.3512606 1221.01FR ION  87.B
  -0.3006281   1.0997561   0.9472504  -1.7180607  -0.7245655 2226.03RA ION  88.A
  -0.1550864   0.8095836  -0.1313140  -0.1827702   0.3620604 1226.03RA ION  88.B
  -0.2958600   1.0908031   0.9264565  -1.6935718  -0.7054368 2225.02AC ION  89.A
  -0.1542863   0.8066003  -0.1319756  -0.1751646   0.3735151 1225.02AC ION  89.B
  -0.2915053   1.0825918   0.9077492  -1.6715553  -0.6883373 2232.04TH ION  90.A
  -0.1535065   0.8036898  -0.1327590  -0.1671304   0.3853400 1232.04TH ION  90.B
  -0.2874874   1.0749929   0.8915825  -1.6530934  -0.6740312 2231.04PA ION  91.A
  -0.1527447   0.8008486  -0.1338457  -0.1582808   0.3977997 1231.04PA ION  91.B
  -0.2837707   1.0679361   0.8767776  -1.6361598  -0.6609766 2238.05 U ION  92.A
  -0.1520029   0.7980806  -0.1351313  -0.1488363   0.4107762 1238.05 U ION  92.B
  -0.2802796   1.0612875   0.8636322  -1.6215430  -0.6497336 2239.05NP ION  93.A
  -0.1512832   0.7953904  -0.1365211  -0.1389931   0.4238531 1239.05NP ION  93.B
  -0.2766463   1.0542960   0.8501129  -1.6066107  -0.6383838 2239.05PU ION  94.A
  -0.1505808   0.7927680  -0.1383722  -0.1279738   0.4379839 1239.05PU ION  94.B
  -0.2734315   1.0481122   0.8387260  -1.5943289  -0.6290331 2243.06AM ION  95.A
  -0.1498999   0.7902219  -0.1404203  -0.1163510   0.4524706 1243.06AM ION  95.B
  -0.2703841   1.0422316   0.8283081  -1.5833103  -0.6206681 2245.07CM ION  96.A
  -0.1492387   0.7877486  -0.1428970  -0.1036069   0.4678790 1245.07CM ION  96.B
  -0.2672864   1.0362003   0.8178406  -1.5723452  -0.6124267 2248.07BK ION  97.A
  -0.1485977   0.7853486  -0.1457308  -0.0898911   0.4840852 1248.07BK ION  97.B
  -0.2643342   1.0304366   0.8083267  -1.5626830  -0.6051722 2249.07CF ION  98.A
  -0.1479797   0.7830291  -0.1489228  -0.0751713   0.5008907 1249.07CF ION  98.B
  -0.2613414   1.0245499   0.7988815  -1.5532588  -0.5981519 2254.09ES ION  99.A
  -0.1473811   0.7807808  -0.1526537  -0.0590503   0.5189729 1254.09ES ION  99.B
  -0.2584013   1.0187358   0.7900276  -1.5447901  -0.5918713 2252.08FM ION 100.A
  -0.1468059   0.7786132  -0.1567340  -0.0419539   0.5375229 1252.08FM ION 100.B
  -0.2556193   1.0132120   0.7817688  -1.5369653  -0.5860875 2255.09MD ION 101.A
  -0.1462538   0.7765264  -0.1613250  -0.0234862   0.5571425 1255.09MD ION 101.B
  -0.2527288   1.0074225   0.7733040  -1.5290902  -0.5803224 2254.09NO ION 102.A
  -0.1457252   0.7745205  -0.1665833  -0.0032794   0.5782305 1254.09NO ION 102.B
  -0.2499761   1.0018928   0.7655983  -1.5222250  -0.5753012 2257.10LW ION 103.A
  -0.1452216   0.7725993  -0.1723096   0.0182200   0.6000624 1257.10LW ION 103.B
  -0.2333842   0.9683836   0.6923423  -1.4238183  -0.5035246 2298.00B4 ION 114.A
  -0.1415336   0.7577923  -0.2155942   0.1723733   0.6397487 1298.00B4 ION 114.B
  -0.2175865   0.9352440   0.6321955  -1.3459506  -0.4502363 2320.00C6 ION 126.A
  -0.1393802   0.7477023  -0.2831322   0.3963369   0.7474414 1320.00C6 ION 126.B
