DATA
25 4.31600003
35 3.77200003
45 3.38300003
55 3.07600003
65 2.80100003
75 2.56400003
85 2.44000003
95 2.21300003
105 2.04500003
115 1.90400003
125 1.74300003
135 1.61000003
145 1.52400003
155 1.39400003
165 1.35600003
175 1.26800003
185 1.20400003
195 1.06500003
205 1.12200003
215 1.03600003
225 9.25000002
235 8.54000002
245 8.58000002
255 8.27000002
265 7.34000002
275 7.26000002
285 6.92000002
295 6.28000002
305 6.23000002
315 6.09000002
325 6.04000002
335 5.54000002
345 5.21000002
355 4.74000002
365 4.52000002
375 4.50000002
385 4.66000002
395 4.35000002
405 4.07000002
415 4.32000002
425 3.82000002
435 3.59000002
445 3.45000002
455 3.44000002
465 3.48000002
475 2.96000002
485 2.89000002
495 3.03000002
505 2.77000002
515 3.01000002
525 3.10000002
535 2.72000002
545 2.75000002
555 2.55000002
565 2.89000002
575 2.41000002
585 2.43000002
595 2.18000002
605 2.22000002
615 2.56000002
625 2.25000002
635 2.20000002
645 2.09000002
655 1.85000002
665 2.47000002
675 2.06000002
685 2.06000002
695 2.00000002
705 1.81000002
715 1.84000002
725 1.94000002
735 1.75000002
745 1.91000002
755 2.02000002
765 1.83000002
775 1.87000002
785 1.79000002
795 1.84000002
805 1.71000002
815 1.75000002
825 1.88000002
835 1.72000002
845 1.84000002
855 1.85000002
865 1.78000002
875 1.66000002
885 1.78000002
895 1.57000002
905 1.62000002
915 1.73000002
925 1.68000002
935 1.75000002
945 1.67000002
955 1.77000002
965 1.71000002
975 1.61000002
985 1.60000002
995 1.58000002
1005 1.62000002
1015 1.65000002
1025 1.44000002
1035 1.70000002
1045 1.40000002
1055 1.49000002
1065 1.62000002
1075 1.50000002
1085 1.55000002
1095 1.50000002
1105 1.54000002
1115 1.61000002
1125 1.35000002
1135 1.52000002
1145 1.41000002
1155 1.57000002
1165 1.27000002
1175 1.57000002
1185 1.59000002
1195 1.37000002
1205 1.71000002
1215 1.34000002
1225 1.82000002
1235 1.52000002
1245 1.45000002
1255 1.42000002
1265 1.38000002
1275 1.68000002
1285 1.48000002
1295 1.39000002
1305 1.41000002
1315 1.77000002
1325 1.18000002
1335 1.39000002
1345 1.57000002
1355 1.38000002
1365 1.54000002
1375 1.40000002
1385 1.46000002
1395 1.54000002
1405 1.50000002
1415 1.42000002
1425 1.48000002
1435 1.51000002
1445 1.28000002
1455 1.14000002
1465 1.36000002
1475 1.53000002
1485 1.25000002
1495 1.54000002
1505 1.36000002
1515 1.21000002
1525 1.32000002
1535 1.59000002
1545 1.21000002
1555 1.52000002
1565 1.43000002
1575 1.22000002
1585 1.58000002
1595 1.38000002
1605 1.55000002
1615 1.21000002
1625 1.44000002
1635 1.34000002
1645 1.31000002
1655 1.50000002
1665 1.38000002
1675 1.30000002
1685 1.22000002
1695 1.31000002
1705 1.35000002
1715 1.31000002
1725 1.28000002
1735 1.18000002
1745 1.40000002
1755 1.37000002
1765 1.27000002
1775 1.33000002
1785 1.51000002
1795 1.47000002
1805 1.31000002
1815 1.33000002
1825 1.31000002
1835 1.52000002
1845 1.46000002
1855 1.25000002
1865 1.46000002
1875 1.62000002
1885 1.26000002
1895 1.44000002
1905 1.44000002
1915 1.37000002
1925 1.44000002
1935 1.58000002
1945 1.34000002
1955 1.44000002
1965 1.35000002
1975 1.31000002
1985 1.40000002
1995 1.44000002
2005 1.34000002
2015 1.36000002
2025 1.40000002
2035 1.43000002
2045 1.54000002
2055 1.41000002
2065 1.45000002
2075 1.48000002
2085 1.56000002
2095 1.08000002
2105 1.41000002
2115 1.34000002
2125 1.48000002
2135 1.40000002
2145 1.60000002
2155 1.50000002
2165 1.36000002
2175 1.39000002
2185 1.24000002
2195 1.25000002
2205 1.45000002
2215 1.34000002
2225 1.28000002
2235 1.25000002
2245 1.18000002
2255 1.60000002
2265 1.50000002
2275 1.37000002
2285 1.41000002
2295 1.34000002
2305 1.32000002
2315 1.37000002
2325 1.42000002
2335 1.39000002
2345 1.23000002
2355 1.39000002
2365 1.32000002
2375 1.35000002
2385 1.50000002
2395 1.44000002
2405 1.31000002
2415 1.61000002
2425 1.52000002
2435 1.51000002
2445 1.45000002
2455 1.44000002
2465 1.22000002
2475 1.43000002
2485 1.45000002
2495 1.45000002
2505 1.65000002
2515 1.29000002
2525 1.22000002
2535 1.14000002
2545 1.40000002
2555 1.54000002
2565 1.43000002
2575 1.27000002
2585 1.61000002
2595 1.26000002
2605 1.44000002
2615 1.38000002
2625 1.34000002
2635 1.15000002
2645 1.66000002
2655 1.43000002
2665 1.31000002
2675 1.42000002
2685 1.24000002
2695 1.47000002
2705 1.54000002
2715 1.27000002
2725 1.53000002
2735 1.24000002
2745 1.39000002
2755 1.17000002
2765 1.30000002
2775 1.48000002
2785 1.24000002
2795 1.50000002
2805 1.36000002
2815 1.24000002
2825 1.20000002
2835 1.43000002
2845 1.26000002
2855 1.30000002
2865 1.45000002
2875 1.39000002
2885 1.35000002
2895 1.56000002
2905 1.35000002
2915 1.10000002
2925 1.26000002
2935 1.28000002
2945 1.41000002
2955 1.37000002
2965 1.28000002
2975 1.24000002
2985 1.54000002
2995 1.39000002
3005 1.41000002
3015 1.56000002
3025 1.27000002
3035 1.27000002
3045 1.14000002
3055 1.50000002
3065 1.20000002
3075 1.40000002
3085 1.32000002
3095 1.40000002
3105 1.30000002
3115 1.50000002
3125 1.22000002
3135 1.56000002
3145 1.48000002
3155 1.30000002
3165 1.56000002
3175 1.44000002
3185 1.48000002
3195 1.22000002
3205 1.39000002
3215 1.18000002
3225 1.27000002
3235 1.21000002
3245 1.18000002
3255 1.30000002
3265 1.44000002
3275 1.42000002
3285 1.33000002
3295 1.40000002
3305 1.42000002
3315 1.26000002
3325 1.63000002
3335 1.31000002
3345 1.31000002
3355 1.32000002
3365 1.64000002
3375 1.32000002
3385 1.34000002
3395 1.22000002
3405 1.44000002
3415 1.40000002
3425 1.44000002
3435 1.50000002
3445 1.27000002
3455 1.24000002
3465 1.26000002
3475 1.38000002
3485 1.22000002
3495 1.52000002
3505 1.45000002
3515 1.36000002
3525 1.41000002
3535 1.39000002
3545 1.22000002
3555 1.38000002
3565 1.32000002
3575 1.33000002
3585 1.18000002
3595 1.41000002
3605 1.59000002
3615 1.06000002
3625 1.56000002
3635 1.44000002
3645 1.45000002
3655 1.19000002
3665 1.55000002
3675 1.32000002
3685 1.37000002
3695 1.21000002
3705 1.32000002
3715 1.24000002
3725 1.27000002
3735 1.68000002
3745 1.52000002
3755 1.28000002
3765 1.55000002
3775 1.26000002
3785 1.28000002
3795 1.34000002
3805 1.35000002
3815 1.37000002
3825 1.64000002
3835 1.20000002
3845 1.39000002
3855 1.35000002
3865 1.35000002
3875 1.36000002
3885 1.37000002
3895 1.32000002
3905 1.39000002
3915 1.25000002
3925 1.27000002
3935 1.12000002
3945 1.43000002
3955 1.35000002
3965 1.28000002
3975 1.39000002
3985 1.30000002
3995 1.47000002
4005 1.44000002
4015 1.17000002
4025 1.35000002
4035 1.34000002
4045 1.30000002
4055 1.42000002
4065 1.26000002
4075 1.36000002
4085 1.16000002
4095 1.52000002
4105 1.51000002
4115 1.25000002
4125 1.32000002
4135 1.37000002
4145 1.14000002
4155 1.33000002
4165 1.44000002
4175 1.34000002
4185 1.35000002
4195 1.41000002
4205 1.25000002
4215 1.32000002
4225 1.44000002
4235 1.32000002
4245 1.28000002
4255 1.48000002
4265 1.35000002
4275 1.37000002
4285 1.30000002
4295 1.34000002
4305 1.62000002
4315 1.28000002
4325 1.25000002
4335 1.34000002
4345 1.49000002
4355 1.32000002
4365 1.22000002
4375 1.49000002
4385 1.52000002
4395 1.33000002
4405 1.47000002
4415 1.50000002
4425 1.41000002
4435 1.33000002
4445 1.49000002
4455 1.31000002
4465 1.29000002
4475 1.38000002
4485 1.41000002
4495 1.43000002
4505 1.27000002
4515 1.66000002
4525 1.38000002
4535 1.17000002
4545 1.25000002
4555 1.39000002
4565 1.30000002
4575 1.19000002
4585 1.29000002
4595 1.28000002
4605 1.28000002
4615 1.42000002
4625 1.31000002
4635 1.25000002
4645 1.56000002
4655 1.34000002
4665 1.34000002
4675 1.59000002
4685 1.31000002
4695 1.39000002
4705 1.46000002
4715 1.32000002
4725 1.42000002
4735 1.22000002
4745 1.24000002
4755 1.38000002
4765 1.15000002
4775 1.24000002
4785 1.35000002
4795 1.44000002
4805 1.39000002
4815 1.21000002
4825 1.34000002
4835 1.37000002
4845 1.36000002
4855 1.54000002
4865 1.39000002
4875 1.20000002
4885 1.35000002
4895 1.38000002
4905 1.31000002
4915 1.28000002
4925 1.33000002
4935 1.35000002
4945 1.60000002
4955 1.42000002
4965 1.33000002
4975 1.22000002
ENDA
