ESP
12C(16O,4HE)24MG
2.7,2.,100.,0.0,EL,0.,0.,
1.0 CARBON 1.0 6 1 SOLI
0.,0.2,0.4,0.6,0.8,1.0,1.2
5.,15.,5.,
7.,5.,85.,
0.,
0.,
0.,
RHO
12C(16O,4HE)24MG
2.7,2.0,100.0,0.0,EL,0.0,0.0,
0.0,
0.0,1.0,
5.0,15.0,5.0,
0.5,75.0,
0.0,
0.0,
0.0,
MAGNET
1.,18.,15.,134.,
27.97693,196.96655,14.,5.0,0.5,
33.595,1339.,
33.991,1274.,
34.395,1214.,
34.811,1152.,
35.234,1099.,
36.116,983.,
37.042,855.,
38.017,711.,
39.051,534.,
39.581,440.,
40.131,336.,
0.,
197AU(28SI,28SI)197AU
2.7,14.,134.,0.,EL,0.,0.,
5.,0.,0.,
35.234,18.,15.,0.,
0.,
0.,2.,0.,0.,0.,0.,0.,0.,0.,0.2,
0.,
0.,
0.,
END

